10,341298 -38,837077
11,763806 -39,173036
-17,991252 3,585286
-16,764205 8,531443
-16,687940 6,714602
11,891149 -37,548354
-17,219797 5,622602
-14,910572 6,509987
-19,226508 4,170790
10,605266 -40,495045
12,016911 -39,845775
-15,421672 4,598448
12,919638 -38,861905
11,873335 -40,938325
13,066982 -40,235198
-16,200857 5,715773
-15,742596 5,553286
9,944592 -40,771075
-17,640065 5,411480
-19,056287 4,786180
-17,010087 5,304095
-17,631603 5,035755
10,946558 -37,967828
-17,595593 6,143750
12,543607 -38,281363
9,829573 -36,586475
-16,869685 7,933718
12,070177 -37,908973
-16,285433 8,118368
-17,853357 8,642947
-19,594790 4,242078
12,097207 -37,644781
-17,805750 7,937857
-15,632948 6,837501
-17,435249 7,746825
-16,864543 5,031850
-17,272983 5,715003
9,783462 -39,614958
8,902755 -40,579169
10,883065 -38,652779
-16,480020 6,150927
-19,218443 8,575365
-16,352117 6,203548
-17,039284 5,140955
-16,797874 5,658472
10,632408 -38,573830
10,363124 -39,902089
11,318935 -41,391022
-16,548352 6,756413
9,995146 -40,541663
10,498375 -37,081434
9,442254 -38,622603
10,922368 -41,026539
13,106409 -39,441070
-17,176878 5,751585
-16,982783 3,681503
10,818114 -39,662255
-16,692077 7,224215
-16,822771 4,087066
-16,406739 5,781482
-16,488494 8,346457
10,977466 -38,145598
-16,533198 7,768005
11,133196 -39,105253
-17,454978 5,686875
-15,796512 6,790729
13,385808 -37,463641
10,282431 -37,414088
-17,833476 5,706644
10,862957 -40,400664
11,473674 -39,222734
9,915644 -38,110290
-17,996141 6,903072
-17,050600 3,596635
10,482317 -41,051984
-15,582617 4,400810
12,331300 -39,609624
8,630905 -39,246350
-19,278604 4,233141
9,904407 -39,688612
10,134322 -37,385660
12,237012 -41,337627
-15,308982 5,787584
11,909428 -38,816472
-18,983195 6,824576
-16,188137 8,236338
9,966807 -40,984554
-17,451284 8,097191
-15,887442 8,388239
10,627398 -38,411920
11,516057 -37,213706
-18,354723 5,756072
11,891885 -39,559013
11,484617 -37,821328
-18,988521 6,476116
-16,963034 8,758181
9,733439 -40,953092
10,684545 -37,808834
10,592237 -37,988962
10,213836 -39,141284
8,613371 -39,057242
9,164072 -40,925924
11,982711 -40,240973
9,414396 -38,312817
-15,654160 5,866381
-15,018476 6,103485
-17,315922 4,654426
-15,918222 4,950842
-16,284004 5,851166
-17,940976 4,545768
10,901886 -38,488715
-18,302930 8,143751
-18,224221 5,851031
-17,198326 6,471094
-16,587963 6,480710
-17,683522 5,449951
-14,562295 4,662353
-14,630167 6,095725
-19,080014 6,863351
-19,074566 4,524475
-18,248368 5,823661
11,867759 -40,075821
-15,491079 4,882758
10,496116 -38,727852
12,329820 -38,074341
10,465636 -40,597701
-17,482481 5,342931
-19,109921 6,563260
-15,452349 5,260749
8,496426 -40,292819
-15,904218 6,462919
12,456324 -40,715377
11,827343 -39,619944
9,268548 -39,718667
-17,463495 8,335502
11,021599 -38,605687
-17,519110 5,248033
11,639319 -38,176458
9,889585 -39,227619
11,899210 -39,181532
10,295837 -41,138743
-18,279716 7,190873
11,277154 -39,241211
-18,687446 4,912389
9,327768 -37,655014
12,081189 -40,081326
-16,465737 7,617764
-16,881836 6,818421
-16,464380 7,655095
11,369954 -39,562350
-17,791210 4,877037
-17,513752 5,867867
-17,868608 6,404830
11,658984 -40,957207
10,520011 -38,263779
-17,997638 5,073584
13,094031 -40,624506
11,605320 -38,725037
-18,115657 7,640451
-17,963386 4,448611
9,365371 -37,087361
11,087605 -37,943966
-18,521873 6,416014
-16,973115 5,819734
12,418967 -40,161813
11,544760 -39,540659
12,019050 -41,572116
-15,214822 7,516639
-16,476593 5,163725
-17,199226 5,069017
-17,836689 7,129724
12,456848 -39,693645
12,556249 -40,042942
9,681793 -37,643285
-17,222957 4,743228
-17,553007 6,779072
10,912590 -41,281077
9,925281 -36,922806
-15,291887 7,792889
-18,525392 7,949048
-16,564484 5,264999
-17,107777 3,336624
10,703979 -36,620367
9,967875 -41,069790
9,389181 -38,482761
11,179299 -39,680733
-16,832920 7,737691
-16,317225 5,092298
11,664382 -39,920781
9,709113 -36,695078
9,781305 -41,673305
-17,615128 4,981370
-18,235454 6,078180
11,745049 -39,155131
-17,838075 4,044538
-16,357614 8,014917
10,544198 -37,977598
10,931990 -39,168642
-15,442907 7,353248
-15,624760 5,732756
-14,990749 4,139816
-15,376038 6,082139
-15,549635 3,261989
10,217613 -38,379860
9,651658 -38,433679
-17,039297 5,199876
11,230280 -40,618496
-16,069420 4,492132
11,349191 -41,682845
8,793309 -37,978139
11,994886 -39,142306
10,403324 -41,866257
-14,472661 5,573199
-17,614998 7,846561
10,753361 -40,365435
8,789005 -38,965927
-18,032409 5,485115
10,972741 -38,958379
8,762893 -40,566017
10,653323 -40,015539
11,399020 -37,910989
11,300737 -40,189915
-18,065759 6,950604
-18,294707 8,220170
-16,394979 4,188142
12,996279 -38,432220
11,587337 -38,866871
10,103679 -41,488140
8,695464 -39,212048
-19,684668 4,423308
10,652239 -40,487915
11,920063 -38,885256
-17,469580 6,266037
10,305459 -38,689023
-16,321297 8,464855
-17,822355 3,930730
-16,445951 6,899309
-15,371869 5,463456
11,381277 -36,746079
-17,683616 5,842020
-19,997314 5,527108
10,405806 -40,575165
-16,900939 3,893234
-16,886806 4,870485
-16,137994 7,197849
-15,979661 6,874068
10,996060 -39,537298
-15,043968 7,475619
9,613631 -40,982625
-15,672936 6,437327
12,434811 -38,782790
-17,169132 4,762162
-17,761919 6,803121
11,203137 -39,290827
-15,710980 6,564113
12,248428 -38,709000
-14,784467 7,733846
11,854705 -39,328319
-17,794983 7,353816
-17,808893 5,831484
12,414588 -38,242857
8,754235 -39,152494
11,600065 -38,136346
-16,870932 7,369937
-16,596007 6,284784
11,709449 -38,981909
11,788034 -39,434955
10,055796 -37,884340
-16,955068 4,655531
10,965545 -37,306154
11,197570 -37,278312
-17,764432 7,586476
9,933515 -38,661785
10,711858 -39,410273
11,416383 -38,863098
-16,734714 5,639013
8,326984 -39,358011
11,644647 -38,919006
-19,194215 5,605667
10,909528 -40,213737
-17,428791 4,076676
-15,442173 6,477262
-16,736903 6,257222
12,523471 -39,442553
12,746199 -39,393658
11,108077 -39,886216
-15,886186 4,854855
10,784689 -39,415050
-17,299879 7,699348
-16,184501 6,050129
-18,117662 8,268892
10,575463 -39,602137
-15,306810 8,160017
-15,875587 6,500762
-18,017023 5,875756
9,782319 -38,398219
-19,005772 5,594944
10,599335 -36,309804
-17,164947 7,244401
-18,970241 5,332263
12,807906 -38,137241
9,721008 -40,245264
10,948838 -39,533355
12,458963 -40,622217
-16,373977 7,750123
11,376625 -37,895254
10,397029 -39,464030
10,259371 -40,066840
-16,028150 6,338435
12,292188 -37,700510
11,184644 -39,074673
12,319556 -39,653636
10,433982 -41,376996
-19,070026 6,550434
-18,876530 6,123483
10,178633 -38,769537
10,525613 -38,821188
-16,555553 7,467880
-16,460228 6,257889
-15,459583 5,319350
11,470868 -41,075430
-16,039675 7,736662
10,680709 -40,622344
-18,714517 8,520134
-15,125072 7,792487
-17,977647 5,487925
11,658903 -39,598039
9,579208 -38,538329
-17,121290 6,433929
-17,713695 6,369556
-18,193638 6,920015
11,961503 -38,825844
-18,662550 5,764058
-15,627678 7,303161
12,610782 -38,805335
-18,170260 5,009558
-18,743449 8,248543
10,858101 -38,034919
8,393553 -41,128041
11,086346 -39,449477
11,308657 -38,516986
9,498448 -39,986168
-18,901744 7,338836
-16,368164 4,432885
-16,165352 7,219014
-18,094265 4,941042
-17,869802 7,152737
-17,351759 8,439272
-15,437362 5,446232
8,539693 -41,531289
11,544750 -36,579947
10,883649 -38,455324
10,290558 -36,959863
9,954659 -36,287861
-17,714499 3,939982
12,169798 -37,343274
12,157845 -40,104739
10,603497 -39,365152
-18,853294 8,143102
12,598637 -39,730052
-17,669000 8,104970
-18,805808 4,592493
-17,807177 5,586116
-16,503229 6,066056
11,598452 -37,170763
-16,097703 6,195402
11,209695 -38,438380
11,090994 -37,814290
-18,283158 5,917208
-17,124150 4,663880
-15,552624 6,641256
-19,003310 4,715650
11,799242 -40,306230
-17,455240 4,297494
-19,666557 6,428604
9,184012 -40,767062
-15,674306 8,345434
-18,055943 7,235809
12,688831 -38,640876
11,260285 -39,363031
-16,596219 6,185814
11,053306 -38,639902
13,005332 -41,149698
-16,101890 4,631379
11,800944 -39,877123
8,276969 -40,173169
-15,130212 7,458941
-16,078789 4,245419
-16,550292 7,054450
-16,806428 3,347670
11,453440 -36,912132
11,715060 -38,521304
9,287907 -38,184964
9,051501 -39,796283
12,546535 -40,817742
-18,353624 6,515266
10,172953 -39,493992
-18,812989 6,220465
9,611471 -37,271632
9,427941 -37,565977
