29,995394 21,930374
29,903572 22,448437
41,195321 -26,676414
-45,277342 18,922900
-46,071666 20,234116
42,436618 -29,340443
-47,481464 19,683961
27,783271 20,988219
29,326334 21,518366
-44,614488 17,802012
-46,970812 18,710709
40,366214 -28,420741
-45,052351 19,531395
28,492710 20,177175
28,914351 21,252713
27,183092 21,652533
30,120243 20,464427
29,942583 21,093605
26,935857 21,583885
-47,275808 19,419890
-48,897197 20,475644
41,286093 -25,987891
27,194724 22,467148
-45,475463 19,921742
42,082093 -26,270624
40,034278 -27,180725
28,580254 19,963358
42,254876 -27,041214
30,717819 21,038410
40,200327 -26,585872
-47,664132 16,663108
26,846323 21,415279
41,390720 -28,840957
42,265255 -26,849492
40,614762 -26,534543
-46,209363 17,767053
27,974361 19,875009
28,463567 21,578955
-46,034035 19,917638
27,564608 23,341969
29,709330 20,998694
-43,424548 19,715763
40,964358 -27,813091
-45,448692 20,678137
42,222742 -26,410252
-45,357892 19,608202
40,528147 -26,492191
42,079697 -26,574893
42,332448 -27,465976
28,470378 19,064322
-44,802203 20,760042
30,517378 21,854349
-46,897880 19,426137
41,924156 -27,073869
-44,954939 18,579921
41,799877 -29,237502
39,018135 -27,305856
42,379368 -28,791307
-47,491415 17,993765
29,079935 21,661313
29,601006 19,944411
40,919755 -24,904277
-47,053440 19,382984
-44,746326 19,397405
43,640027 -25,265737
40,646022 -27,680617
-44,098756 19,151298
42,646882 -26,426962
-46,640355 17,542973
43,466177 -28,602423
29,238067 19,720423
28,381011 21,812929
-46,817753 19,195207
26,344230 21,677966
-44,274806 18,717447
-46,611909 20,609141
42,327217 -27,474696
42,776436 -27,579311
-45,909349 20,072791
-45,509578 19,083174
43,511244 -26,813749
29,031512 22,625318
40,155103 -25,245817
39,422014 -27,992612
-47,358153 19,782738
28,871675 20,483105
41,022143 -28,708876
39,665212 -24,117863
41,014983 -27,009297
40,354655 -26,957141
28,656647 21,642313
-46,093567 16,838336
28,499292 20,126717
-45,939068 17,910927
42,885955 -27,242491
40,450919 -25,071917
43,626372 -26,659155
28,919432 21,270437
40,824190 -27,969626
39,865694 -29,121401
30,254696 22,895625
-43,762124 21,219546
-46,595204 18,021161
29,779225 21,378664
-45,251526 17,073341
-48,033993 19,483284
-45,117048 18,001985
38,595700 -27,273955
28,324412 20,515671
-46,797882 18,382685
42,375924 -26,496079
-47,280008 19,374111
-47,195636 18,439748
-44,855160 20,051261
-47,278326 18,044518
30,091547 21,263098
29,552421 22,519730
42,784839 -28,310808
27,880937 20,301499
27,790732 21,052327
-47,926465 18,154044
27,429175 20,260270
-46,380532 18,291447
40,226418 -27,713899
-47,787424 20,290982
28,731525 21,880419
30,325660 22,360784
-45,485741 21,597703
28,221682 20,963921
44,075989 -29,079827
40,945583 -26,181614
27,089667 21,995793
43,177518 -27,391831
28,870694 19,651348
26,282703 21,106444
30,229917 20,436217
-46,171481 18,060412
-47,778660 19,341711
26,982695 21,413216
29,078601 22,768486
43,482322 -25,899484
27,987817 21,849348
42,715544 -25,974170
-46,611814 20,150445
41,222088 -26,589796
-47,974835 17,787501
39,293046 -26,582347
-48,536890 17,201349
-45,788357 20,162013
28,706826 23,869014
41,727875 -26,610520
-46,395506 20,509891
29,155823 20,699197
41,602984 -26,848556
-47,152266 21,063476
41,873608 -26,525761
43,509694 -24,773237
40,498628 -25,839119
-45,301342 20,139050
41,268246 -27,094844
29,545108 22,047671
26,515696 23,048022
28,501651 20,051267
-47,216436 20,410191
40,925019 -25,502837
28,321341 21,450717
42,057828 -27,861222
26,740317 20,972180
-45,558307 16,643352
40,743654 -25,190645
-44,443450 18,793255
30,004987 19,913599
28,470252 22,684536
29,091608 22,298025
27,145028 19,555029
41,319533 -26,701730
-46,257135 20,274887
43,035679 -27,151675
-46,951255 17,935345
28,563630 21,055173
42,641397 -27,064730
27,998722 21,447268
28,676471 20,551050
41,078116 -27,661162
27,476872 23,248982
25,636134 22,732184
-46,838843 21,094017
27,236267 21,759536
26,266876 23,683746
-47,969357 19,446414
27,980809 21,128508
41,383127 -26,264017
-47,087589 18,827336
-47,015794 20,744309
40,129126 -28,047012
28,575410 23,592254
-47,108741 18,293480
41,246370 -26,578655
28,779107 22,133131
28,794618 22,105088
-47,830514 18,347832
40,947607 -25,637577
40,554477 -27,531986
29,896268 23,805381
-45,763785 21,023202
25,757190 22,307676
40,850822 -27,775021
-44,448701 17,097636
-47,226107 18,023307
29,410742 21,230930
-45,906947 17,745600
29,600755 22,410677
-46,024726 17,851724
-45,564065 17,271024
40,976237 -27,489070
-45,421102 20,424687
29,548525 20,909330
-46,204671 19,002652
27,907609 21,126958
-47,028679 19,971196
-47,157124 20,312442
39,114778 -26,651214
27,183204 19,141506
-47,891667 19,233071
27,985194 19,302123
41,900907 -25,957772
-45,920766 20,440122
28,037429 20,689019
26,566932 19,392231
-44,992357 17,764548
28,474118 21,847106
27,614053 21,993535
-48,201526 20,039522
-43,711379 17,260739
-45,602608 19,257776
-45,747851 19,133227
-46,355997 18,866985
42,200420 -25,686757
-44,818611 20,161796
-46,923505 21,042844
-47,548967 19,131316
29,491130 19,405887
-44,743016 19,194038
42,118761 -26,654317
41,500549 -28,954203
40,485612 -24,616958
40,294449 -25,380723
-44,838900 20,422418
-47,861312 20,889524
27,632993 20,109308
27,020458 24,024576
43,576969 -28,686829
-46,277827 19,439449
28,570435 21,035505
41,401946 -26,456870
27,929305 21,457133
27,302885 20,001081
41,663253 -27,966462
-46,166345 21,913961
-46,553100 17,404814
26,929303 19,760136
41,971503 -26,665352
26,987424 21,728100
-46,550183 17,327487
-45,431097 19,898787
41,158533 -26,914956
-46,940494 18,820177
-45,350199 17,365395
40,442176 -25,701820
-46,310798 20,747748
-44,115875 19,015596
30,507064 21,656783
39,298792 -28,377848
26,844250 21,688257
42,568963 -27,712888
40,796496 -25,738216
42,965863 -26,367816
-45,621065 19,023214
28,218105 21,840870
-48,761650 21,261300
28,424714 20,059418
30,930320 19,105164
27,949647 21,650658
-44,492443 19,383669
-45,191449 20,824323
28,690619 23,321849
28,815243 21,318348
29,604659 21,389342
-44,268900 18,998988
42,051586 -25,741167
-45,636675 19,023267
28,690060 19,718351
-46,839317 18,265857
40,552188 -27,545933
28,363837 22,925058
-45,382853 18,612857
-45,628578 18,239863
39,755437 -28,261347
-46,808004 19,283618
-48,670224 20,218518
-45,692364 17,743412
-45,611503 19,349578
42,532902 -27,941486
41,157171 -29,349876
26,851567 19,492429
28,864385 19,148335
43,530421 -27,282489
42,931701 -28,072299
-44,959213 18,697162
-45,503927 20,348660
29,747646 20,853883
40,365026 -28,040547
-46,406524 19,939426
28,056564 22,164565
43,182711 -27,799196
42,041218 -28,552868
39,942369 -24,135227
26,937117 18,666996
41,858576 -28,101580
-43,563073 19,738127
28,034035 23,145738
39,710923 -27,114205
-45,245856 18,799167
-46,161501 18,868441
-47,638612 20,894193
-45,740418 17,589573
26,702991 22,469566
28,766775 22,852140
42,042773 -25,736772
28,662352 21,401483
-45,792691 16,816410
-45,323623 17,542009
40,886950 -26,251219
27,721873 19,848494
42,677907 -28,420126
-47,591685 19,698189
41,681571 -26,563104
-48,094477 19,375190
-47,355464 19,219228
39,721198 -25,345335
27,954255 21,238587
-47,304886 18,214188
40,281991 -26,881248
27,364626 22,835419
26,402342 20,777602
39,774027 -26,569933
-45,454957 16,807607
42,048202 -26,066300
-47,473970 20,354957
-47,806834 20,767365
40,567232 -26,777107
-44,818163 18,002064
40,436621 -24,114290
-45,830873 20,076385
-46,472481 17,917194
-47,875142 19,582362
27,938185 20,782489
27,608301 21,023206
26,683277 21,874068
-45,437498 19,215080
30,841681 22,090900
40,150882 -25,611903
29,814819 22,429838
29,156699 21,673193
-45,593507 19,926953
-45,930134 19,328269
39,607624 -27,684753
42,601100 -27,356199
-45,334740 19,543688
28,708897 20,555553
-47,168847 18,852286
-46,971179 21,012029
42,594520 -25,639589
-48,369683 19,369031
41,791783 -27,119306
41,379017 -25,306624
39,351173 -25,870770
40,878221 -25,094278
-44,371219 17,772862
27,401172 21,352823
-46,098823 20,404417
27,297667 21,379025
26,655874 22,410091
-45,642804 17,984968
28,127051 20,337778
26,560198 22,464368
-48,052958 19,610224
40,819532 -25,831862
27,477078 19,516576
41,967708 -27,843527
29,572965 21,170233
-46,978685 19,228023
-47,365199 21,084528
-46,368982 18,721214
-48,494530 20,552071
-45,081667 20,951305
-45,677480 17,822236
29,236198 20,950596
28,812494 22,011683
-46,687650 19,412831
43,550624 -26,251895
-47,036011 19,093813
42,788061 -28,190967
-46,074574 17,667101
-47,763791 18,950344
29,035385 21,339069
-43,891268 18,388841
41,409653 -27,127891
27,710790 22,452609
26,865050 22,421890
28,650520 21,211456
-46,821529 18,594200
-45,771148 21,860557
26,659059 21,779513
29,438827 21,395023
26,173006 20,187898
-47,326530 19,349597
29,355598 22,387367
27,323552 20,911007
44,119925 -26,103247
41,259751 -27,973804
-47,631471 21,784552
27,765787 22,216672
29,081535 21,525487
29,441325 19,785151
-48,690750 20,920724
-46,310679 18,362314
28,315709 22,366912
43,757106 -26,470408
-46,767900 19,438599
27,904517 22,570468
30,547669 22,250658
-46,909914 19,913378
43,102191 -26,411221
-46,121208 17,705127
-46,180223 21,334230
-47,041972 21,334957
29,656397 20,890029
-46,195029 17,719843
42,107085 -25,908027
-47,261845 19,730111
-47,533842 17,899280
-44,091976 19,827591
40,321114 -26,459336
29,675535 20,739379
40,035135 -25,558425
30,059104 23,020338
-46,924991 17,699950
-47,612453 18,849190
40,972820 -24,122842
28,615890 21,832996
-44,598175 20,355159
26,202734 21,006888
40,195283 -26,597780
43,912660 -27,436296
40,667099 -25,464383
42,621964 -26,932685
26,747613 19,400928
-48,036853 20,843554
-46,593421 21,302756
41,737887 -25,381799
28,581955 22,416499
39,179531 -26,607991
30,067247 21,999887
29,098357 21,620387
-48,690281 21,322716
-47,276756 17,570184
-45,651498 20,488574
30,611545 21,710195
42,522568 -26,898815
-46,243072 20,059933
-46,288215 21,201667
28,812563 23,529199
41,420122 -27,484165
39,870053 -28,807722
28,990044 20,749762
28,286528 21,937987
29,090471 22,590839
27,495815 22,206289
28,766590 23,504199
29,382894 20,619293
42,195415 -26,984123
-47,757105 19,765729
30,038689 21,892550
28,639950 20,850691
40,598148 -27,864129
-46,802843 19,405647
28,892775 19,901845
27,859882 22,710577
-45,794382 21,497389
26,810699 21,718874
27,672859 19,675923
-47,704343 19,894877
29,132901 22,805100
28,571684 21,458106
28,501157 21,504403
29,843618 20,374141
42,069337 -26,105697
-45,076052 18,965221
-47,353172 17,857201
29,526601 21,894914
41,567508 -27,013697
28,753948 19,765476
-46,659191 18,584466
-47,230611 19,013395
41,979115 -26,500466
40,537955 -27,381072
-48,546776 17,690277
-44,405108 18,625274
-45,388891 17,732432
27,461821 22,900467
43,384704 -25,703648
41,492278 -26,740827
-46,685819 19,713760
43,025952 -25,129384
43,012489 -28,529606
-45,753828 18,560417
-46,200500 16,877723
27,827955 22,173843
-47,352781 18,057253
28,587718 19,658233
-45,776922 19,416410
43,670156 -25,498590
27,502782 23,205910
26,854230 21,314933
41,224809 -27,993888
29,260276 21,086617
40,646244 -25,066528
42,424987 -28,349652
41,342808 -27,105682
39,275457 -26,159879
-44,276894 18,060166
27,535280 20,106191
29,680412 19,957034
30,000466 21,247398
-46,455865 18,495910
-46,138779 20,822036
28,219160 23,492364
-44,231747 19,845874
27,927614 20,279045
-45,770272 19,678130
43,101146 -26,495051
-45,006892 17,224059
41,847878 -27,692944
29,641562 20,152965
42,081868 -25,838198
28,211139 20,292400
-48,542458 19,062286
25,968890 20,524996
30,375577 20,407879
27,256708 21,854181
42,711005 -24,687651
39,279195 -27,699443
-45,725423 20,672137
28,556882 22,512055
42,767172 -25,087913
30,123928 21,245570
38,732152 -26,154587
27,513489 20,667455
40,815748 -26,980146
39,709640 -25,546389
41,919230 -27,331258
-44,870101 19,033962
-46,433087 18,188272
41,273224 -26,354087
-46,086286 18,890913
42,497664 -26,553361
42,172651 -26,905987
42,211880 -26,737484
30,415172 22,589046
-44,242902 19,800571
42,761936 -26,382610
27,388771 22,134800
27,890632 22,798968
40,113954 -25,804191
-46,036443 18,635352
41,736892 -28,389387
41,422093 -27,440940
27,768364 20,405942
26,168423 18,623115
-46,279652 21,423453
40,290601 -27,940813
-47,316706 19,313349
27,878642 20,830126
28,543250 21,180528
26,552420 23,670726
-45,673421 19,254298
25,780919 22,464515
27,184502 20,723188
-47,805812 18,896819
40,253002 -26,847629
-46,591064 18,767343
26,862320 21,754670
28,604611 22,283461
-47,803799 17,853797
42,484039 -26,838758
-43,784142 19,056124
40,119054 -27,343354
40,039947 -25,894076
28,555806 22,955260
25,767948 21,502612
27,977484 20,826663
-45,241875 17,357396
29,750653 23,910045
-44,833606 20,214864
-44,340068 19,719865
28,911209 21,769822
42,732915 -24,692237
-45,957294 19,257111
27,327017 21,420440
28,735087 21,221370
-46,413899 20,985657
-47,295237 19,406596
41,996877 -28,058710
42,557402 -28,319863
28,977269 21,878865
42,174516 -26,863854
40,363436 -25,271800
-46,010939 20,615392
43,650636 -26,942747
30,564746 20,951021
-47,604344 17,154253
27,485451 22,143627
29,500353 22,277679
39,616719 -26,824886
30,733739 20,455613
42,004115 -28,650855
28,480314 22,587463
40,658850 -27,482237
-46,496570 20,758381
-47,053588 21,410259
27,624995 21,373933
39,564890 -26,530846
30,202430 21,045618
-44,699148 19,787526
26,807529 22,690572
-45,955159 16,807791
25,899456 20,888574
28,924845 20,769708
26,592708 23,438495
-47,052631 17,483809
-45,004013 20,419897
-43,991623 20,131276
26,390549 24,131465
-45,161906 18,367476
-46,276708 20,082429
41,942350 -24,815287
29,966436 21,111698
29,016930 21,037084
29,201503 20,785706
-44,982102 19,062834
26,245683 21,297116
29,031492 19,978817
40,547945 -26,394973
28,765657 21,075590
-43,998419 17,331932
-47,041441 20,129731
41,403580 -25,747007
28,643656 19,379754
41,313388 -28,194282
39,055634 -26,409940
-46,273597 19,938796
40,093116 -26,821100
28,296045 19,358757
43,052536 -26,594880
30,668436 21,402955
28,546228 20,478309
40,818047 -28,127838
-47,248837 19,395082
27,439826 21,843205
41,173078 -27,624712
38,471788 -27,720550
41,367531 -28,231123
25,871334 21,224853
-46,916298 18,474700
40,489567 -26,073447
43,822688 -26,996694
-44,074864 18,679529
41,309707 -25,698122
-47,084710 19,516684
39,493838 -26,919983
26,273338 20,690809
-45,955626 19,468920
38,650301 -26,286679
41,448517 -28,226442
28,339313 20,433022
26,939837 22,822647
-47,616979 18,658731
-46,416478 20,710198
42,380678 -26,045095
-46,257192 19,361303
28,655786 21,925746
28,382749 20,703499
40,305046 -26,867990
29,139860 21,076555
27,557439 22,268080
30,360468 19,613921
40,608977 -25,774919
43,233041 -27,385241
41,357508 -27,549602
-17,834114 -1,080981
-4,726780 -2,057660
-15,405813 -3,664919
28,099962 -1,833534
